1
2
3
4
5
6
7
8
9
10
11
12
13
14
39
40
41
42
43
44
45
46
47
48
49
50
51
52
53
54
55
56
57
58
59
60
61
62
63
65
66
67
68
69
70
71
72
73
74
75
76
77
78
79
80
81
82
83
84
85
86
87
88
89
93
94
95
96
97
98
99
100
101
102
109
110
111
112
115
116
117
118
119
120
121
122
123
124
125
126
127
128
129
130
131
132
133
134
135
136
137
148
149
150
151
152
153
154
155
175
176
177
178
180
187
188
189
190
191
192
194
199
200
201
202
229
230
2202
2203
2204
2205
2206
2207
2208
2209
2210
2211
2212
2213
2214
2215
2216
2217
2218
2219
2221
2222
2223
2224
2225
2245
2246
2247
2248
2249
2250
2251
2252
2297
2298
2303
2304
2305
2306
2311
2312
2313
2314
2343
2344
